(1,119):0.0127045033246,
(2,1):0.000256767195324858,
(3,137):0.00594019786684985,
(4,3):1.37440513249265E-05,
(5,64):0.042873972868648,
(6,5):0.000295508407305078,
(7,86):0.00280757391170017,
(7,101):0.0112639957598493,
(7,148):0.00725143126430083,
(8,7):0.00268092938070019,
(9,124):0.0576441613861007,
(9,141):0.000240251207650033,
(9,193):0.000839154378789786,
(10,9):0.008628296723451,
(11,15):0.00937268935344981,
(11,93):0.000272275535655009,
(12,11):4.18980787481038E-07,
(13,11):2.93387188550209E-05,
(14,121):0.552937499213513,
(14,149):0.225071597294196,
(15,14):0.0161502959466482,
(16,15):0.00919348356075034,
(17,120):0.0268322134977002,
(18,17):2.37069917846666E-06,
(19,17):2.79420559901045E-06,
(20,17):6.00981150000734E-06,
(21,17):0.000100089340500098,
(22,27):0.000273150454254911,
(23,22):9.22890369992047E-06,
(24,22):2.67342007249649E-05,
(25,64):0.0949201338883015,
(26,25):8.45171073993178E-06,
(27,93):0.00114201488961019,
(27,158):0.000722236295279011,
(28,27):2.51845183349975E-05,
(29,140):0.0198874233484485,
(30,29):0.0164774508731504,
(32,31):1.22720592049541E-06,
(33,31):0.000194846484510069,
(34,54):0.0363338801335011,
(34,137):0.00807915725965103,
(35,34):0.00204995377584893,
(37,36):5.91706912200785E-05,
(38,36):0.0041284727392501,
(39,85):0.0129698484424008,
(40,39):1.98672447300208E-05,
(41,100):0.0267085902264999,
(41,163):0.00242925241873099,
(41,180):0.0279433453080014,
(43,84):0.0140748296217001,
(43,132):0.0155589050983505,
(44,42):0.0108095010709004,
(44,200):0.0224830322192009,
(45,187):0.0268551322871495,
(46,45):0.00424990382560075,
(47,54):0.00491728564345006,
(47,66):0.00613357234075007,
(48,5):0.01925915011795,
(48,74):0.0393076582428513,
(49,48):0.000253770357940053,
(50,48):0.00022217289959503,
(51,48):0.000253757860479986,
(52,48):0.000222176417499997,
(53,48):0.000720988910964948,
(54,66):0.0225154500709497,
(55,45):0.00776612805070087,
(55,102):0.0367894140488971,
(55,112):0.000985558105980111,
(55,128):0.0100917713971,
(56,55):0.000927450757655102,
(56,103):0.000476402699649991,
(57,3):0.0069849329715499,
(57,159):0.00384500273840072,
(58,36):0.0041606467077,
(59,119):0.00144975155585003,
(59,139):0.00445650149949994,
(60,97):0.0648634184529016,
(61,46):0.00256878463022048,
(61,103):0.00421101724545014,
(63,66):0.00808930810415465,
(63,184):0.00733729324576955,
(65,64):0.0326863317177057,
(66,158):0.00413825324173001,
(67,66):0.000211037873074971,
(68,66):0.00252589748788967,
(69,66):0.00142885965223005,
(70,66):0.00251558074721991,
(71,66):0.00142773442442579,
(72,66):0.00142713051643995,
(73,66):0.00250717787633459,
(74,190):0.00862692627494965,
(75,157):0.0123461909853502,
(76,75):0.000269305551584997,
(77,75):0.000191351892509517,
(78,75):0,
(79,75):0,
(80,100):0.00798745942796986,
(80,143):0.0128617101099202,
(81,55):0.147711733970198,
(81,178):0.0467602180924018,
(82,81):0.00595542848354924,
(82,195):0.0148983170758985,
(83,36):0.0346029371881507,
(83,146):0.0697063093327017,
(83,186):0.0222839997154498,
(84,113):0.0173445235410998,
(85,120):0.0185134433640997,
(86,101):0.00158500281074492,
(86,193):0.00414448854524974,
(88,87):0.0183804732177961,
(88,150):0.0177650297104499,
(88,194):0.0071041016678004,
(89,95):0.0172196575244299,
(90,89):0.000272208472893498,
(91,89):0.000272905338300045,
(92,89):0,
(93,191):0.000243708547546961,
(94,93):0.00160895766130498,
(95,58):0.00961091940407299,
(96,143):0.0846275838085475,
(96,188):0.00469450481744005,
(97,200):0.0441062135560006,
(98,123):0.0571859166014512,
(99,98):0.0117757857367025,
(99,142):0.054397118495249,
(100,174):0.0272932278087001,
(100,179):0.0511849661303998,
(100,184):0.0123968580338003,
(101,117):0.0315107071778513,
(101,141):0.000132367979515102,
(102,45):0.00398769563090084,
(102,128):0.0784059439716458,
(103,102):0.00935954799519934,
(103,106):0.0244566559753494,
(104,102):0.0388028115745485,
(105,102):0.101645550796505,
(107,113):0.0235857279320992,
(107,129):0.023260354855001,
(108,75):0.00765234357114952,
(108,198):0.00128844359061997,
(109,17):0.0447939838215987,
(110,101):0.000014711803075107,
(110,193):0.00144190339493999,
(111,175):3.68239365450274E-05,
(113,112):0.0732898030187457,
(113,192):0.0361208170963998,
(114,112):0.000511875269490036,
(115,112):0.076642745549492,
(117,116):0.023395542582648,
(117,132):0.00592935157231,
(117,162):0.00652383286060498,
(118,134):0.0693794993037997,
(118,198):0.000389127127399913,
(121,178):0.182605750984948,
(122,46):0.0114887994319997,
(122,96):0.0390362040985508,
(122,121):0.00322173635565015,
(123,133):0.050439078548699,
(124,1):0.0433222980760029,
(124,29):0.0365524736795493,
(124,123):0,
(124,193):0.0612127135298515,
(125,123):0.0326806579439989,
(126,123):0.0139380977560997,
(127,123):0.0084735567280525,
(128,112):0.0110892636186009,
(128,133):0.0999231139144534,
(129,128):0.0553383639094989,
(130,106):0.0182348010574991,
(130,144):0.0405085787143502,
(131,9):1.41552916880228E-05,
(131,118):0.029661874515801,
(133,116):0.0917297605499456,
(134,60):0.0595368100860973,
(134,133):0,
(134,140):0.049374914252299,
(134,186):0.0127968663345497,
(135,133):0,
(136,133):0,
(138,139):0.03349885528295,
(138,195):0.0139967203951503,
(141,148):0.0167132504144494,
(141,193):0.00276324433670005,
(142,86):0.000044269036635014,
(145,176):0.00416368784320031,
(146,177):0.057453375217051,
(147,146):0.108414721973396,
(149,87):0.0367604966879469,
(150,149):0,
(151,149):0.00029255884520496,
(152,149):0.00746397928925013,
(153,149):0.0142496371293497,
(154,149):0.00746391965444992,
(155,149):0.00746391376955025,
(156,123):0.00122722535440012,
(156,133):0.0179223047645998,
(157,156):0.00366893357630005,
(158,11):0.00606848721083431,
(158,22):0.000692231225704942,
(159,39):0.00230924707690505,
(159,62):0.0123585881944503,
(160,62):0.00146598335812498,
(160,181):0.000598358387030151,
(161,160):0,
(162,144):0.00375095319310059,
(163,111):0.00138052941047473,
(163,179):0.0602055160501003,
(164,163):0,
(165,163):0,
(166,163):0,
(167,163):0.000421402389275016,
(168,163):0,
(169,163):0,
(170,163):0.000614773002734825,
(171,190):0.00151450746769988,
(173,174):0.0182355746562504,
(173,175):0.00259406409678498,
(174,188):0.134486656334001,
(176,88):0.0156336425880994,
(177,31):0.00947806661964989,
(177,58):0.01005727383445,
(179,178):0.0482420829765005,
(180,172):0.00314954344737473,
(180,191):0.00464207125675475,
(180,199):0.0593305629206,
(181,42):0.000585754287395046,
(181,194):0.0262412018347504,
(182,181):0.00135263906957528,
(183,181):0.00144568899468966,
(185,145):0.0028894997282749,
(185,150):0.0212923901591502,
(186,109):0.054287878427548,
(187,121):0.233172170589,
(188,89):0.133944899262747,
(188,187):0.0551717607234963,
(189,187):0,
(192,31):0.00412197640180478,
(192,107):0.000889302779294887,
(193,1):0.00785233150974918,
(194,150):0.0504723044794488,
(195,171):0.00735005207380013,
(196,195):0,
(197,195):0,
(199,25):0.111922464709153,
(199,172):0.0160335564918999,
(119,1):0.0127045033246,
(1,2):0.000256767195324858,
(137,3):0.00594019786684985,
(3,4):1.37440513249265E-05,
(64,5):0.042873972868648,
(5,6):0.000295508407305078,
(86,7):0.00280757391170017,
(101,7):0.0112639957598493,
(148,7):0.00725143126430083,
(7,8):0.00268092938070019,
(124,9):0.0576441613861007,
(141,9):0.000240251207650033,
(193,9):0.000839154378789786,
(9,10):0.008628296723451,
(15,11):0.00937268935344981,
(93,11):0.000272275535655009,
(11,12):4.18980787481038E-07,
(11,13):2.93387188550209E-05,
(121,14):0.552937499213513,
(149,14):0.225071597294196,
(14,15):0.0161502959466482,
(15,16):0.00919348356075034,
(120,17):0.0268322134977002,
(17,18):2.37069917846666E-06,
(17,19):2.79420559901045E-06,
(17,20):6.00981150000734E-06,
(17,21):0.000100089340500098,
(27,22):0.000273150454254911,
(22,23):9.22890369992047E-06,
(22,24):2.67342007249649E-05,
(64,25):0.0949201338883015,
(25,26):8.45171073993178E-06,
(93,27):0.00114201488961019,
(158,27):0.000722236295279011,
(27,28):2.51845183349975E-05,
(140,29):0.0198874233484485,
(29,30):0.0164774508731504,
(31,32):1.22720592049541E-06,
(31,33):0.000194846484510069,
(54,34):0.0363338801335011,
(137,34):0.00807915725965103,
(34,35):0.00204995377584893,
(36,37):5.91706912200785E-05,
(36,38):0.0041284727392501,
(85,39):0.0129698484424008,
(39,40):1.98672447300208E-05,
(100,41):0.0267085902264999,
(163,41):0.00242925241873099,
(180,41):0.0279433453080014,
(84,43):0.0140748296217001,
(132,43):0.0155589050983505,
(42,44):0.0108095010709004,
(200,44):0.0224830322192009,
(187,45):0.0268551322871495,
(45,46):0.00424990382560075,
(54,47):0.00491728564345006,
(66,47):0.00613357234075007,
(5,48):0.01925915011795,
(74,48):0.0393076582428513,
(48,49):0.000253770357940053,
(48,50):0.00022217289959503,
(48,51):0.000253757860479986,
(48,52):0.000222176417499997,
(48,53):0.000720988910964948,
(66,54):0.0225154500709497,
(45,55):0.00776612805070087,
(102,55):0.0367894140488971,
(112,55):0.000985558105980111,
(128,55):0.0100917713971,
(55,56):0.000927450757655102,
(103,56):0.000476402699649991,
(3,57):0.0069849329715499,
(159,57):0.00384500273840072,
(36,58):0.0041606467077,
(119,59):0.00144975155585003,
(139,59):0.00445650149949994,
(97,60):0.0648634184529016,
(46,61):0.00256878463022048,
(103,61):0.00421101724545014,
(66,63):0.00808930810415465,
(184,63):0.00733729324576955,
(64,65):0.0326863317177057,
(158,66):0.00413825324173001,
(66,67):0.000211037873074971,
(66,68):0.00252589748788967,
(66,69):0.00142885965223005,
(66,70):0.00251558074721991,
(66,71):0.00142773442442579,
(66,72):0.00142713051643995,
(66,73):0.00250717787633459,
(190,74):0.00862692627494965,
(157,75):0.0123461909853502,
(75,76):0.000269305551584997,
(75,77):0.000191351892509517,
(75,78):0,
(75,79):0,
(100,80):0.00798745942796986,
(143,80):0.0128617101099202,
(55,81):0.147711733970198,
(178,81):0.0467602180924018,
(81,82):0.00595542848354924,
(195,82):0.0148983170758985,
(36,83):0.0346029371881507,
(146,83):0.0697063093327017,
(186,83):0.0222839997154498,
(113,84):0.0173445235410998,
(120,85):0.0185134433640997,
(101,86):0.00158500281074492,
(193,86):0.00414448854524974,
(87,88):0.0183804732177961,
(150,88):0.0177650297104499,
(194,88):0.0071041016678004,
(95,89):0.0172196575244299,
(89,90):0.000272208472893498,
(89,91):0.000272905338300045,
(89,92):0,
(191,93):0.000243708547546961,
(93,94):0.00160895766130498,
(58,95):0.00961091940407299,
(143,96):0.0846275838085475,
(188,96):0.00469450481744005,
(200,97):0.0441062135560006,
(123,98):0.0571859166014512,
(98,99):0.0117757857367025,
(142,99):0.054397118495249,
(174,100):0.0272932278087001,
(179,100):0.0511849661303998,
(184,100):0.0123968580338003,
(117,101):0.0315107071778513,
(141,101):0.000132367979515102,
(45,102):0.00398769563090084,
(128,102):0.0784059439716458,
(102,103):0.00935954799519934,
(106,103):0.0244566559753494,
(102,104):0.0388028115745485,
(102,105):0.101645550796505,
(113,107):0.0235857279320992,
(129,107):0.023260354855001,
(75,108):0.00765234357114952,
(198,108):0.00128844359061997,
(17,109):0.0447939838215987,
(101,110):0.000014711803075107,
(193,110):0.00144190339493999,
(175,111):3.68239365450274E-05,
(112,113):0.0732898030187457,
(192,113):0.0361208170963998,
(112,114):0.000511875269490036,
(112,115):0.076642745549492,
(116,117):0.023395542582648,
(132,117):0.00592935157231,
(162,117):0.00652383286060498,
(134,118):0.0693794993037997,
(198,118):0.000389127127399913,
(178,121):0.182605750984948,
(46,122):0.0114887994319997,
(96,122):0.0390362040985508,
(121,122):0.00322173635565015,
(133,123):0.050439078548699,
(1,124):0.0433222980760029,
(29,124):0.0365524736795493,
(123,124):0,
(193,124):0.0612127135298515,
(123,125):0.0326806579439989,
(123,126):0.0139380977560997,
(123,127):0.0084735567280525,
(112,128):0.0110892636186009,
(133,128):0.0999231139144534,
(128,129):0.0553383639094989,
(106,130):0.0182348010574991,
(144,130):0.0405085787143502,
(9,131):1.41552916880228E-05,
(118,131):0.029661874515801,
(116,133):0.0917297605499456,
(60,134):0.0595368100860973,
(133,134):0,
(140,134):0.049374914252299,
(186,134):0.0127968663345497,
(133,135):0,
(133,136):0,
(139,138):0.03349885528295,
(195,138):0.0139967203951503,
(148,141):0.0167132504144494,
(193,141):0.00276324433670005,
(86,142):0.000044269036635014,
(176,145):0.00416368784320031,
(177,146):0.057453375217051,
(146,147):0.108414721973396,
(87,149):0.0367604966879469,
(149,150):0,
(149,151):0.00029255884520496,
(149,152):0.00746397928925013,
(149,153):0.0142496371293497,
(149,154):0.00746391965444992,
(149,155):0.00746391376955025,
(123,156):0.00122722535440012,
(133,156):0.0179223047645998,
(156,157):0.00366893357630005,
(11,158):0.00606848721083431,
(22,158):0.000692231225704942,
(39,159):0.00230924707690505,
(62,159):0.0123585881944503,
(62,160):0.00146598335812498,
(181,160):0.000598358387030151,
(160,161):0,
(144,162):0.00375095319310059,
(111,163):0.00138052941047473,
(179,163):0.0602055160501003,
(163,164):0,
(163,165):0,
(163,166):0,
(163,167):0.000421402389275016,
(163,168):0,
(163,169):0,
(163,170):0.000614773002734825,
(190,171):0.00151450746769988,
(174,173):0.0182355746562504,
(175,173):0.00259406409678498,
(188,174):0.134486656334001,
(88,176):0.0156336425880994,
(31,177):0.00947806661964989,
(58,177):0.01005727383445,
(178,179):0.0482420829765005,
(172,180):0.00314954344737473,
(191,180):0.00464207125675475,
(199,180):0.0593305629206,
(42,181):0.000585754287395046,
(194,181):0.0262412018347504,
(181,182):0.00135263906957528,
(181,183):0.00144568899468966,
(145,185):0.0028894997282749,
(150,185):0.0212923901591502,
(109,186):0.054287878427548,
(121,187):0.233172170589,
(89,188):0.133944899262747,
(187,188):0.0551717607234963,
(187,189):0,
(31,192):0.00412197640180478,
(107,192):0.000889302779294887,
(1,193):0.00785233150974918,
(150,194):0.0504723044794488,
(171,195):0.00735005207380013,
(195,196):0,
(195,197):0,
(25,199):0.111922464709153,
(172,199):0.0160335564918999
